1 10
100 200
201 210
900 1000
1000 1000
1000 900
500 600
600 700
800 900
1000 1100
20 30
50 60
70 80 
90 100
20 25
25 20
30 40
45 50
55 60
60 55
111 123
111 1234
121 644
154 144
1 879
4864 64
151 161
154 478
112 797
454 646
454 987
876 487
488 878
496 463
123 655
555 979
645 143
3413 678
3111 6666
464 677
644 777
411 466
415 775
122 668
322 989
112 689
578 326
545 779
545 656
878 232
125 656
696 675
675 700
650 750
456 899
696 999
332 412
111 888
222 333
574 566
1000 2000
877 985
121 989
751 125
845 693
363 474
1512 4121
122 269
23 45
89 74
239 2123
232 554
313 946
124 758
123 669
125 485
155 947
235 946
749 393
236 417
156 963
158 256
265 598
147 396
625 269
248 669
785 356
312 375
152 356
154 394
764 945
131 975
154 785
155 684
454 693
158 596
5487 787
154 487
465 216
151 548
216 672
300 352
151 592
154 663
023 653
323 23
6 9
216 466
132 565
145 685
313 365
4154 6985
2656 5445
5445 6565
1645 6596
4154 5265
2365 9899
1486 6569
2646 5656
4646 4656
