1 10
100 200
201 210
900 1000
9490 9765
6577 4952
1211 5696
8137 235
1146 3169
8920 1641
9734 2955
9694 1880
5086 5123
8934 1636
3548 9959
3234 3481
8284 7112
5887 6062
3258 8116
5341 3623
8240 2189
7032 871
6700 8769
624 7878
2867 4714
348 9645
6447 4848
5644 6557
8492 2849
2950 5154
1450 4990
114 4169
3511 2271
8461 5534
3443 6291
4585 7768
725 1138
6554 9421
1142 2547
3763 896
1256 5704
8516 5047
8517 5217
2555 2172
7736 7591
4188 3017
8975 1045
6839 2817
5150 9403
3501 9763
8533 5314
9390 739
3042 9393
5992 2389
2402 4997
2140 8742
504 9860
1299 101
5330 5417
62 383
2993 6360
1299 4549
293 3807
4104 4972
512 989
4069 6788
9176 8925
1742 5434
1845 9024
784 7954
2457 2996
2296 9355
8369 2143
473 4409
2809 9022
8110 1222
7779 4506
4724 404
1308 8037
4243 9064
8127 3172
6376 8887
2908 3804
9268 6142
5133 2374
238 1057
1468 664
2870 2066
9871 5110
415 682
7434 911
9334 3660
6859 6505
5192 3432
6169 1573
8784 8961
5439 4198
9401 1232
3218 2645
6719 5719
2320 3732
7981 8470
633 1451
3885 3682
3030 279
6201 8822
3760 1903
9538 4724
7773 1331
5393 2699
6069 8868
4724 7702
8336 7343
2031 4894
2853 188
6122 9215
473 6331
1915 5314
42 4074
5687 8831
365 7778
6222 790
1182 6965
8992 8604
5876 660
7366 8987
820 2710
2979 3
8675 2959
4516 5838
8582 3669
806 6018
3926 254
6953 5168
4747 4991
7195 9355
1146 9108
5538 5005
34 1020
6969 8259
261 6974
2905 8238
7154 8508
8256 3764
5814 4644
7061 77
9397 3194
1484 3497
581 3649
2561 6265
5951 7715
6746 2921
6048 5769
2834 6953
