1 10
100 200
201 210
900 1000
6525 366
1427 2281
4805 6855
192 8041
4865 8280
597 8295
6346 6514
5859 6317
1829 5118
1461 8644
9522 4032
4529 9898
1495 9977
1889 938
7058 2105
9788 2253
1733 1844
1613 6805
7890 5254
4136 4145
2567 3093
1221 3518
5392 8265
8831 5705
4158 3292
3556 9509
822 8207
303 9648
1100 470
9360 3381
7637 6012
2610 3367
6370 2419
2099 5520
8841 1225
5620 702
7340 8097
777 5539
2013 2950
3453 6701
2020 2503
7685 3189
6286 7718
6456 8543
9200 9273
1782 3163
7451 1393
1909 9676
424 7442
1270 4527
2443 2620
1002 3174
3538 6639
9502 8434
83 9039
341 7920
5732 4620
1585 9186
5576 9391
6536 2566
1213 4908
2483 521
6582 7906
637 7021
2727 1750
9171 7547
4424 8207
2138 5297
1358 993
9767 6901
994 8776
9736 9229
6200 1153
8831 1703
7303 8578
566 9692
1447 672
1850 1451
6831 8998
473 2972
9177 5629
5592 6331
9123 9189
2490 1530
3611 5851
405 1330
6726 4339
8504 3320
3774 5414
3487 4338
8396 9014
5790 412
553 6914
5239 4681
9066 895
5124 5719
192 6919
9128 9259
5359 3020
4394 3170
8967 4525
8046 6293
7486 8825
3707 4203
5477 8038
735 4052
6561 2425
7840 6380
4207 4016
1519 2502
8656 638
2083 1382
3421 8193
840 9164
9381 2911
386 3054
7747 979
9213 1586
419 2556
7901 301