1 10
100 200
201 210
900 1000
40 20 
9999 99
100000 999999
3 3 
11 11111
123 456
987654 123
101010 10101
7 13
19827 2198471
890 12873
012 77777
120000 12
1 5
9000 0009
13897 239857 
1920 149803
194028 58279
17894 523098
583034 4839
10975 2987
19075 10975
176186 289735
23 52037
923858 398
1 555
100 100000
32879 328978
383829 82374
2358 32597
52789 349879 
9873 289234
235 2354
42 235
364 7424 
426352 22
235 356346
2366 5742
258379 235987
75 85
2456 346
890 823094
289573 87932
2309 253908
23987 879
3 37987
12487 124987 
1142 58972
2 52 
142 2358
987235 89273
28739 892734
1 90258
4 5890
142 2587
234 34587
287943 29
529 5298
927 230957
239857 35987
5327 987
982347 23986 
832597 3 
9 99
999 9999
999 1 
8 1728 
9182 347
2937 387
398247 28
24 374
120 2937
1928236 1928
19274 89275
50 50
60 61
123 321
345 321
1 999999
08 80
616 161
07734 14
888 111 
89 9222
532 974345
1 98765
2355 2
200 20000
1567 3
103742 40
8 8188
77 77777
248 16
1357 9
80808 7070
8976 222
607 5555
2 34 
5 678
9876 5
98214 237895 
7832 2738
2938 2
293 4298 
3598 3482
2974 1
222 3333
234 2324
09382 287 
297 2
89217 234897
48 43
91 19
87 65
239 240
239 239
