1 10
100 200
201 210
900 1000
10 11
99 101
100 120
140 152
31 38
94 99
1000 2000
323 434
212 535
898 981
473 712
1111 1119
1 1000
900 999
999 1111
1010 1011
1010 1010
2111 2174
118 198
908 1010
874 984
287 375
67 76
2 2000
87 4222
4900 5000
2000 1000
4000 3111
10000 90000
8000 8181
1 10000
90 1000
86 632
123 2135
532 921
632 1011
535 754
538 972
2568 3670
2053 1532
9124 72149
822 833
513 588
322 888
1 12
123 123
4218 8235
111 222
1111 2222
11111 22222
421 422
444 444
443 444
191 1024
1984 1980
1114 4221
9012 9000
7123 9537
1200 2000
788 877
152 532
877 233
643 644
82 82
1111 3322
533 711
122 322
87 98
900 8000
1 1000000
2111 2333
511 923
522 853
732 983
432 876
632 986
532 764
521 875
321 765
1525 7523
11 87
532 865
1 116
532 876
723 975
321 632
531 888
412 765
531 8763
531 9767
222 3333
1100 6566
1287 9854
1723 2394
43 92
93 32
515 626
737 959
942 999
12 4224