1 10
100 200
201 210
900 1000
10 1
200 100
210 201
1000 900
1 1
1 2
2 1
999 1001
1001 999
23 68
1234 2345
975 1125
500 2500
10000 20000
25000 50000
50000 25000
25001 50001
100000 200000
32 128
6500 17500
1 999999
999999 1
400000 500000
12345 67890
13579 24680
24680 13579
15000 15000
49999 50001
50001 49999
77777 88888
11235 81321
10000 100000
100000 10000
25000 250000
250000 25000
3900 160000
1 10000
10000 1
2700 7200
999 9999
19999 20001
20001 19999
1839 3454
2999 18239
19283 59301
3845 1284
1938 8787
1738 1209
1101 1209
129 1129
200 40000
3141 5926
56700 67800
12389 45670
45670 12389
19283 19304
4286 1839
88443 11884
23841 28472
182953 173947
103853 127389
192837 958473
1739 1038
1066 2017
48329 43831
54839 204952
200572 9822
223485 1235
23854 11738
98273 74322
1100 34821
34821 1100
28349 11823
2499 25001
399 400001
19546 29310
44281 129983
3569 3570
90453 60453
46802 56803
56803 46802
33942 44934
75000 123000
3678 4789
130000 260000
260000 130000
15000 150000
14999 150001
2498 2502
14500 39384
39954 69909
338492 887321
887321 338492
64750 64751
64751 64750
54321 54321
200000 200000
46897 39403
209348 239384
39485 69504
43678 32984
1209 12090
28349 48392
95400 295400
1 999
999 1
34567 76543
123456 654321
654321 123456
232839 128239
32374 33374
105000 210000
12378 89432
12321 98789
45434 76787
12893 38473
27000 43000
82345 92345
75468 18229
238972 908374
99283 101234
68457 90876
239084 329304
10921 45987
12382 28222
90457 100340
9243 9378
23045 78453
1008 92017
134 14201
36925 47036
34324 98703
23282 19009
19228 74328
92145 110002
78745 78745
43567 43568
234524 234524
560000 560000
256000 256001
256001 256000
47298 65942
80000 800002
129 129000
999 999999
999999 99999