1 10
100 200
201 210
900 1000
26 15
100 200
61 200
19 26
60 78
66 90
30 9
888 16
16 920
166 500
94 841
56 875
2 64
1 89
84 164
71 123
64 999
9 999
1 999
999 999999
889 7000
1 1000
90 888
63 84
1 5
2 10
33 333
16 3055
842 1651
21 84
1 2587
6 51
4 658
89 841
20 324
15 61
4 5711
100 254
60 648
84 716
614 898
12 487
32 888
49 514
635 800
12 51
64 887
11 99
22 88
48 26
81 444
52 421
1 500
1 954
67 844
51 310
19 460
888 1000
100 5000
900 84
546 15
9873 51
216 8422
9871 8134
16 84
43 58
65 98
30 84
15 46
1 2
98 874
10 50
64 90
46 15
43 65
15 2
2 843
11 90
146 311
567 600
132 164
123 546
301 310
700 800
209 988
1003 1500
1230 1244
2450 3504
3508 5750
1240 5083
5437 9470
1253 5383
244 256
677 749
459 600
3000 4000
450 750
1201 1210
365 478
213 241
5433 8545
8000 9000
2450 5303
5394 6489
3582 9445
2456 8734
3542 3552
3578 3595
9783 9999
250 350
230 250
190 199
1 55
9999 10000
2422 4431
2383 8503
4560 4899
3405 3209
1200 1300
1450 1600
4500 5000
2340 5300
3423 5803
3523 9034