1 10
100 200
201 210
900 1000
10 1
200 100
210 201
1000 900
1 1
2 2
3 3
4 4
5 5
6 6
7 7
8 8
9 9
11 11
12 12
13 13
14 14
15 15
16 16
17 17
18 18
19 19
20 20
99 99
999 999
9999 9999
99999 99999
999999 999999
10 10
100 100
1000 1000
10000 10000
100000 100000
1 2
2 3
3 4
4 5
5 6
6 7
7 8
8 9
9 10
10 11
11 12
12 13
13 14
14 15
15 16
16 17
17 18
18 19
19 20
999990 999991
999991 999992
999992 999993
999993 999994
999994 999995
999995 999996
999996 999997
999997 999998
999998 999999
1 10000
10001 20000
20001 30000
5000 15000
15001 25000
1 500
500 1500
1000 2000
1500 2500
2000 3000
2500 3500
3000 4000
3500 4500
4000 5000
4500 5500
1 100
50 150
100 200
150 250
200 300
250 350
300 400
350 450
400 500
450 550
500 600
550 650
600 700
650 750
800 900
750 850
950 1050
1000 1100
1050 1150
1100 1200
1150 1250
1200 1300
1250 1350
1300 1400
100 15000
100 15001
100 15023
12345 999999
1 999999
