1 10
100 200
201 210
900 1000
1 1
50 50
1379 1014
1751 727
294 127
307 1086
820 1417
1553 1883
1198 1434
1735 1668
1145 1849
913 1360
951 1768
988 1731
1022 1685
710 77
1976 345
592 853
805 603
3 296
763 1990
1637 219
133 1902
1561 1264
395 722
1556 1910
904 587
287 1268
953 310
235 81
800 301
1449 1606
1532 1330
1013 1038
1829 1302
1268 683
1672 1883
1165 1190
491 1907
711 550
769 1172
566 311
612 225
57 1420
1385 1693
1831 1805
1923 1440
1075 1087
1780 1932
541 261
346 725
426 1439
1643 592
931 196
1212 1087
381 1911
1471 701
594 1832
1200 1681
1983 1292
154 755
1450 1211
485 1474
347 1864
1873 1177
115 396
540 765
595 1860
589 1603
1960 1479
641 189
271 411
150 456
1871 728
1820 1689
1217 1254
539 1434
1548 311
547 1382
1337 1324
833 710
1977 1176
399 1261
185 587
732 787
611 875
1193 653
1106 1872
11 425
880 1961
498 475
22 1765
899 617
630 368
1505 1670
294 365
1575 1927
688 400
471 47
1142 1367
266 991
819 1778
1287 1432
1334 1161
463 1749
571 276
273 1934
204 1999
1046 468
902 1779
1126 752
1272 1784
1075 74
841 314
1303 780
1043 1142
1977 791
32 846
1299 846
1573 1514
1592 991
531 944
43 55
1838 1031
146 614
60 922
424 1228
1624 1556
1148 1898
1975 1068
999 667
1672 1688
994 1638
1714 1979
370 1165
1736 949
1454 1825
1614 2000
1531 73
81 1206
520 46
350 1027
139 736
229 248
1944 1195
886 1166
1564 198
764 730
1606 969
1482 1565
1309 1846
1378 966
