1 10
100 200
201 210
900 1000
83 39239
1 1
9 9
29 3920
32 4042
0193 29183
2919 312183
293 0001
900000 1000000
1000000 1000000
1 1000000
32 3234
452 3233
432 42456
43 54514
63 32453   
10239 29383
32333 32453 
9983 32342
23332 223234
222 242452
98347 293832
14234 32432
874467 967312
775770 923589
862777 250307
985703 640164
764635 771824
988938 799905
426674 763227
736515 997539
690978 370470
373317 358737
453422 56805
577550 752309
952914 405247
731239 36621
556195 76909
870048 555599
402267 966237
82514 482934
543723 911080
866564 89068
976322 957439
689459 301625
449234 424926
207620 796443
142327 855089
127358 861697
717548 824052
522930 988312
949080 84154
362195 179675
365355 973267
343571 544295
838480 75658
806106 672068
470373 625433
989186 211385
642133 850941
985404 519329
845527 92811
535497 693947
765006 824160
209551 598620
228850 465297
897014 610788
312001 830091
533098 212142
59805 909929
525982 790578
410074 412130
365705 384583
775489 841249
295503 507869
480808 122397
608054 62338
70488 580206
92133 738217
460861 868023
253169 198495
923483 148487
529926 974605
956263 108222
250336 128801
668053 458622
868709 601609
307860 518605
389527 670612
705880 782360
923572 493028
960085 669635
772616 454380
427626 428195
340726 810035
76209 549194
775705 696255
47136 14036
109963 900088
781092 426498
700310 299922
40652 146774
940307 514537
526105 427199
661713 178288
81368 642561
95270 137830
299295 220884
844186 27403
450919 262954
148762 89894
593047 480354
436628 792817
938793 403777
140530 803166
126885 966487
409425 845807
465864 41844
183570 501584
503597 615406
207758 454985
2548 101440
984314 216501
