1 10
100 200
201 210
900 1000
1000 1000
3000 5000
7000 9000
3809 299
6123 6637
3943 3501
9739 9451
2696 6353
828 6103
2087 2829
8903 9756
6453 8281
6578 5613
1537 2446
2433 4423
2518 8438
6508 3970
4449 5830
1744 579
6100 509
6475 8780
8841 4049
7942 6198
5067 5617
4004 2548
4306 7997
3320 801
278 1840
7613 9358
5282 6574
2349 8322
6724 2893
3797 8852
6201 5236
9834 5673
8460 7113
1576 6480
6114 2067
4454 3249
5004 1033
6637 7263
8844 2674
4185 8298
4328 4496
3921 6145
7281 7958
9686 4575
974 5525
3397 2968
6946 2278
953 9946
2441 3951
5646 8194
8421 8565
7184 9558
2545 9989
6710 7581
232 8985
44 4697
9339 8109
2867 185
4625 27
8168 8865
5006 9147
1497 6533
3907 1150
4902 4076
9055 9697
9366 9100
7432 3370
667 6507
7365 6845
1592 59
9486 7140
1332 9880
155	1586
2673 5124
555	3511
1081 4813
5688 3793
6438 8374
9782 612
9240 960
7087 6962
7176 3073
8006 2039
7218 7874
273 4260
3575 8623
5170 4720
3718 8060
6999 6491
2059 6843
511 7156
1427 5009
7485 8650
4624 1516
3407 4329
8643 1487
2622 1507
1706 237
5089 5766
5442 8196
1 999999
999999 1
1 1
1 2
30000 84000
