1 10
100 200
201 210
900 1000
300 500
4500 45000
3600 9999
2 4
5400 800000
9999 1001
365 7890
3321 876590
2657 877790
5600 74
999999 987689
908764 890376 
659034 783214
14 3
90994 657900
1 1 
7689 7777
7890 5674 
432 476
890 677777
908888 4563
7895 678345 
264874 869646
89577 785903
56748 938465
893746 57621
344 5674 
2213 567488 
3456 45637
647283 673442
4456 28977
89004 76453
890567 64
784635 566
1987 453
80085 58008
7685 4536
6574 8324
675483 63
67453 5
9000 7764
6745 5557
780 99087
6735 4553
46788 9807
53426 657
45536 277756
3 9
3 16
765 899
67354 6771
2335 7645
5664 7899
567 4553
652344 65
7663 4889
76453 77
1435 6457
9984 5663
16653 8997
5466 7342 
1243 579099
67455 856
54 66
344 653
8890 7685
67754 7689 
90876 5674
78996 9008
6578 85
3 6
6744 5432
7890 6578
9786 543
765 879
9007 85674
7768 6754
4665 76899
9008 7864
57644 3546
900876 5664
99078 564 
9 880
2 999999
786 555
7866 674 
8977 6543
3554 6758
7768 55
90888 576899