1 10
100 200
201 210
900 1000
3582 4246
8714 9109
7768 8280
3082 8216
2815 2532
88 88
7869 2695
3006 2719
8124 1629
5655 2448
8134 9834
7244 406
2101 2885
4992 9167
3310 7180
5243 3904
9498 3985
6641 1514
1405 6990
3858 9445
6434 717
9717 1411
4653 6660
2525 6798
5448 462
3530 8546
9141 6365
3265 4796
9841 6248
1329 9458
8807 3246
3646 7272
7832 4514
7048 1188
8594 4716
889 2607
3593 5337
3535 6259
3025 1273
4032 8174
6010 9103
4709 620
5459 6379
5760 1906
4121 1090
1970 890
7075 2434
8961 3693
687 1253
4455 4626
8840 3490
1543 2527
9259 4926
8448 6566
2449 1102
6148 2837
9603 505
5062 8390
5832 3995
4011 6590
8509 76
5670 8421
4053 43
6887 5364
3894 5501
2537 8280
8706 2122
469 2643
8890 1934
4815 5730
8324 3651
6126 328
4840 4640
3448 5202
1127 3888
34 34
143 8253
4624 2967
1860 1430
3589 8277
8855 331
4899 1031
7812 3213
7804 8848
2363 6483
4058 6279
9365 3162
1769 3647
3509 4583
9499 4115
5237 9690
3635 3502
6270 4660
5025 940
6946 9934
1260 3878
568 8111
8500 9462
2847 621
8996 4363
5877 92
4035 1311
8084 9568
4094 4956
3014 3046
7392 1354
3821 4485
5153 4473
6632 8025
5719 5049
7627 929
6137 8412
44 7455
7237 2873
1583 9371
4270 8350
8270 3135
290 290
6056 1807
6494 3436
4095 106
2863 8008
6815 6249
6368 9317
2623 7138
1714 4495
3246 9975
5454 9326
7753 4066
5335 9443
2015 5986
1964 4738
7315 9378
9840 7909
5927 9820
8358 9089
3521 8949
2049 3989
419 4454
7066 1163
9400 3135
8569 9400
7766 6541
7474 2387
941 9428
9531 2447
8030 9972
1361 7323
5374 8063
863 4920
2835 1045
5747 342
1034 6211
2876 3728
4571 3938
5188 5686
9003 9849
882 3815
3124 2173
577 5559
5407 740
3498 3121
7986 1462
6206 2800
6511 4094
2824 2768
11 7596
1464 5571
4050 2646
6873 7667
8683 686
9600 8528
4103 6157
3794 3808
7544 967
149 3189
1065 2119
7696 8280
6721 7449
9773 3344
9918 4810
1973 364
1558 8694
8877 2061
9525 1529
291 5680
5983 8538
4532 4427
2796 8543
816 8493
1500 7031
9658 2872
4020 1230
6988 9065
3847 157
5331 786
