1 10
100 200
201 210
900 1000
31 105
11 90
146 311
567 600
132 164
123 546
301 310
700 800
209 988
1003 1500
1230 1244
2450 3504
3508 5750
1240 5083
5437 9470
1253 5383
244 256
677 749
459 600
3000 4000
450 750
1201 1210
365 478
213 241
5433 8545
8000 9000
2450 5303
5394 6489
3582 9445
2456 8734
3542 3552
3578 3595
9783 9999
250 350
230 250
190 199
1 5
9999 10000
2422 4431
2383 8503
4560 4899
3405 3209
1200 1300
1450 1600
4500 5000
2340 5300
3423 5803
3523 9034
1 1000
1 10000
1000 10000
10000 100000
8990 9010
4123 5031
5031 8746
5983 9045
7645 8352
344 365
123 130
99999 100000
4682 5000
1241 2500
1235 5350
2144 5930
3000 4300
3001 3100
5300 5634
5230 5555
1240 1249
3454 3500
2312 2400
2425 2650
3450 3567
1245 1560
4560 5433
1209 1450
1520 3464
35085 87450
40000 40695
52305 52340
2350 8082
12404 24290
124 134
3580 3599
1240 1430
1232 1249
1893 3800
2350 3872
1249 1492
1983 8109
1428 2124
1472 1488
1249 3495
1247 1924
1984 1948
1297 3000
1249 1349
10 10
4353 9846
7845 2354
3592 5432
900 34
9453 3275
32 452
549 23
5643 452
180 89
500 500
300 250
21545 98340
97834 25323
3258 9735
2358 3257
2359 2357
7952 6435
35934 23572
87725 82735
235925 235872
25329 78934
32575 42395
23598 23579
43587 68346
23573 3754
23523 32583
7632 2487
1245 1523
25345 23523
23595 24579
1244 1249
13523 12584
2590 2535
1834 9325
25925 29835
2359 3464
2450 2359
3258 3469
2359 2583
2355 2356
2353 2546
26805 2358
3466 364
8640 3685
364803 234664
33463 35346
46 47
245 4358
345 354
