1 10
100 200
201 210
900 1000
542 894
145 786
894 5000
1558 455008
1000 1000
1 999999
1 54678
1 58968
58968 897569
897569 999999
999999 999999
54985 148783
54985 248783
54985 348783
54985 448783
54985 448883
800 5698
850 5698
850 6548
8854 9548
8854 546
8854 1
489562 1
489562 11456
48962 456915
4862 456915
4862 455
2 455
15962 258745
898745 65423
898745 654
8985 654
85 654
9999 5214
9999 521
99 521
99 6
87456 32145
874586 32145
87586 32145
87586 325
886 325
886 35
88 35
88 3
8 3
965425 556542
965425 55654
965425 5565
96525 5565
96525 565
9625 565
965 565
965 55
95 55
95 5
5 5
854629 226549
85469 226549
85469 26549
8549 26549
8549 2649
8549 249
859 249
89 249
89 24
89 4
9 4
554652 987232
554652 98232
54652 98232
54652 9832
54652 832
5452 832
452 832
452 32
52 32
2 32
2 2
2 285746
2 28746
2 2876
2 276
2 27
2 7
123658 556547
12658 556547
12658 55547
12658 547
1258 547
128 547
128 47
12 47
12 4
2 4
874563 333354
87563 333354
87563 354
8763 354
876 354
86 354
