108 30
34 596
562 761
532 517
112 209
39 898
119 938
190 62
88 698
45 669
844 933
96 224
721 656
574 610
532 552
740 378
839 654
578 800
478 154
385 30
315 236
949 451
195 876
628 846
225 300
522 308
685 512
533 197
757 221
865 34
152 145
330 374
267 380
734 930
911 583
285 520
472 43
810 452
437 132
280 687
777 699
870 122
749 559
11 246
391 897
71 306
816 358
454 513
464 895
642 52
720 112
722 786
603 810
466 227
458 532
897 212
334 96
963 929
498 394
804 63
971 652
688 575
457 266
124 463
605 126
834 340
534 69
716 901
781 437
286 387
428 249
423 918
723 839
494 472
680 84
385 988
437 712
606 525
77 129
1 279
637 980
36 905
846 97
918 842
562 252
810 199
682 505
383 959
867 909
578 689
804 879
387 83
540 324
945 129
438 57
715 730
704 302
740 969
540 935
721 946
823 886
4 646
828 175
239 92
32 734
192 670
685 867
598 302
771 625
480 376
589 265
808 776
505 236
108 803
15 960
267 496
632 458
553 686
657 137
95 422
566 774
581 27
152 982
914 449
499 873
459 586
533 332
992 186
16 583
789 547
392 865
7 367
392 596
