87 53
691 941
949 719
551 80
768 654
564 841
807 847
365 332
674 433
808 253
781 955
194 188
406 154
191 217
62 176
143 893
83 145
369 505
717 90
669 92
372 49
301 136
298 806
336 876
550 206
989 622
789 210
977 384
714 385
497 763
229 665
247 749
117 478
439 514
85 113
565 781
515 72
189 78
62 396
451 177
399 516
758 516
793 721
906 803
411 782
553 873
176 647
365 391
923 255
381 238
520 761
69 759
760 983
132 935
555 868
970 993
325 28
536 309
979 463
8 337
64 313
792 278
619 705
242 164
600 478
376 211
465 69
851 781
363 698
253 403
458 366
339 961
914 328
297 365
621 661
779 956
371 152
21 900
705 968
281 182
155 438
956 376
190 864
577 933
428 831
720 494
585 852
40 133
834 464
161 110
527 362
728 469
390 212
599 161
205 176
849 248
260 305
11 623
595 801
990 476
87 888
283 730
653 367
311 540
335 618
145 367
299 705
516 427
744 109
512 700
281 883
617 687
841 43
281 326
247 832
572 793
841 783
960 867
56 467
204 173
736 976
987 465
836 986
176 238
509 855
376 702
656 157
802 509
206 68
224 567
588 82
514 708
376 899
327 461
228 895
895 655
867 759
753 868
838 958
366 148
589 663
818 909
901 346
201 400
271 461
779 507
723 696
587 16
519 470
346 111
79 4
810 921
918 920
60 1
759 695
648 441
794 894
77 876
139 221
772 716
352 557
303 412
145 871
816 825
155 686
675 283
457 314
105 742
774 539
301 109
307 822
651 245
406 711
354 583
928 115
634 609
285 663
658 670
646 254
846 417
799 931
618 421
81 348
400 102
22 457
311 437
249 907
496 908
664 727
598 662
134 916
451 342
288 604
502 615
647 968
53 272
1 1
9 9
967 914
267 978
832 275
684 821