1 10
100 200
201 210
900 1000
8 8 
2 5
8 17
4 420
7 8
1 1800
273 8255
700 800
24 86400
97 567
1 2
5 5
789 800
433 832
832 5337
281 955 
46 787
737 900
600 6000
4000 5000
6000 7000 
55 700
86400 360000
4530 6700
8395 10000
737 738
1800 281747
600 75293
13254 54228
3005 6400
32 64
2 8
9 50
1 64
128 2056
1 8
95 641
328 878 
624 3985
32 256
256 1024
700 800
800 900
35 80
1000 10000
10000 87000
87000 90000 
354 687 
4560 9885
1023 4683
1022 1022
619 991 
5642 32143
90000 100000
6 7
7 8
8 9
10 11
11 11 
36 37
900 901
635 787
747 787
639 700
700 1000
693 700 
357 386
153 169
169124 188124
548 700
1800 229758
555 5555
281 555
369 512
456 2039
2048 4096
800 900
9654 78282
1104 2017
911 2075
204 501
59 95
1996 2017
1994 2017
1365 4822
87 900
90 91
93 94
100 200
300 400
20 900
562 3821 
48 109
68 97
1 98
36 87
396 508
4 2
