1 10
100 200
201 210
900 1000
8 50000
57263 8
99 100
62222 62222
78 63000
1 1000
1001 2000
3000 2001
78 3
505 1505
2755 1755
20 1
578 678
99000 1
99000 98001
5 1005
10001 99000
5703 8000
15000 3000
15001 98001
32555 32555
65 1
57000 57
999 9999
35000 34999
35001 4000
6833 68330
2 3001
50000 99000
50000 99999
34000 33000
26001 85002
356 862
55 89
222 22222
99999 99000
99999 99001
53578 63578
1 1
99999 99999
99000 99000
45003 45001
4 1750
55555 54000
86321 6321
2525 25250
75999 76001
35 35000
860 68
1337 80085
347 455
4666 6666
200 20000
3444 5222
877 901
3333 4444
76000 99999
4388 8843
50123 50000
4266 6624
1 8001
41002 31001
850 9001
32 750
6899 98255
45 35887
99881 88881
42000 45001
8055 455
1 44000
63000 95001
7000 85001
4800 4700
999 2001
87200 87000
999 8999
86 6233
69001 75001
46000 5000
28500 29501
339 51999
707 7070
7006 7
8 5008
3 3003
68555 43222
450 54000
2000 1001
1 1000
1 999
55 92000
46000 1000
8001 88000
3574 35740
24 863
53 90100
61 6001
5555 5000
666 777
444 446
32 23
9999 4444
4588 45888
38628 62
8001 97999
777 5001
67 888
3001 4201
57862 41205
99001 98999
23888 26479
