1 10
100 200
201 210
900 1000
20 34
1 12
378 799
265 2442
151 299
21 11
23 88
56 377
2 98
15 873
737 829
552 233
88 99
524 600
625 700
98 665
1 78
67 98
77 100
54 56
76 78
32 988
543 897
123 876
45 76
82 300
1500 3736
625 779
4349 56789
234 742
542 898
938 2340
909 2424
1735 6600
48 38464
12 383
84 100
523 900
703 947
23 758
107 735
242 976
235 256
72 3402
7639 7777
34 387
144 222
1 736
76 542
50 59
67 67
532 879
873 983
63 79
24 964
700 3
12 66
23 56
34 45
45 78
533 678
334 847
477 938
836 4959
343 762
373 633
7838 26535
444 588
373 826
744 938
736 2928
252 3847
474 345
837 356
344 776
35 56
87 445
8 35
56 66
7 8
9 56
3454 3593
67 363
3 67
123 308
65 356
347 987
456 735
786 375
445 833
46 375
89 245
65 374
24 9374
5 375
3557 8754
2345 6359
467 7464
345 3863
23 348
