1 1
95273 52904
28070 52998
62141 46181
172 91293
46663 69433
35237 48135
92943 85245
98258 10894
33554 92101
19715 29998
38818 6559
5541 48551
57036 78430
68931 31709
17146 78159
90550 96475
4300 90958
52170 18901
36502 65322
70285 15537
57830 51850
49079 87056
70730 62829
39254 57119
36322 17993
80299 91075
70232 91615
15448 52640
1565 1420
82964 46514
79855 17625
98560 65006
14335 4825
38765 78479
14735 31655
23355 7628
49507 90029
74343 48736
41499 70944
99820 88065
28566 42199
41647 78980
6695 84132
94887 59126
91967 69630
23784 37169
39832 32868
80903 38085
43723 17771
75773 63303
48274 51940
32376 88564
50388 72857
96430 67298
79051 82815
67934 60222
76703 30861
61403 91396
31311 91300
84928 84105
58767 33002
25574 56897
5677 36945
30122 82896
22648 13011
53333 73309
9743 23118
41119 16520
87707 541
4856 47136
72447 39158
17909 81165
5639 41199
32727 31793
96505 1211
40459 26370
19497 5850
94705 4036
99573 42858
53753 50516
83436 46445
86768 72149
72115 8711
86446 91979
38100 14090
15327 82869
48522 56508
38681 1371
84317 45664
54780 65659
95088 14478
47500 11585
90131 41994
17475 77360
5014 94397
91646 35408
54561 38011
46399 53362
11779 89502
97854 78596
80605 35875
32792 31168
91955 68048
18092 83305
25088 9717
37085 19778
89575 57543
35738 92678
19483 89667
41685 5324
87967 2622
68641 13463
83978 67913
11770 81969
5273 46646
94773 80132
81789 79250
87090 4993
68478 91712
65360 40107
25030 63467
99262 86730
69573 44262
29720 68918
32584 67210
51302 95010
47524 23318
53459 25372
85385 48145
31396 174
21065 13540
31199 76107
69672 78581
72636 56383
73481 91323
68980 55269
43108 13702
83810 58717
53418 83027
23998 71044
37780 90771
13300 76803
32178 70455
55490 22824
83197 92789
97287 93592
9159 16616
70132 18919
30986 40566
45114 84475
