3 3
496 49
546 49
778 761
838 277
435 588
164 438
608 196
217 339
873 954
743 287
733 397
157 814
901 616
128 506
940 958
340 428
880 39
185 701
882 423
963 178
774 947
956 247
336 526
66 475
714 199
801 684
691 504
752 336
413 593
524 981
128 355
409 926
113 973
402 431
573 538
782 88
450 773
494 868
249 940
344 766
795 145
485 396
548 783
787 200
823 438
179 822
975 19
874 890
613 468
685 993
630 839
55 728
610 676
857 120
243 495
327 63
373 486
651 48
484 254
383 74
579 820
730 427
391 275
823 843
700 516
800 439
307 669
955 350
108 316
354 251
533 548
834 575
756 418
113 911
820 373
452 416
540 505
136 743
210 343
910 582
727 103
438 246
383 266
837 150
584 879
722 595
274 286
269 671
779 301
670 353
158 595
941 981
472 849
738 443
528 869
321 835
415 392
610 846
951 311
4917 794
2616 605
911 288
5876 479
270 844
5455 936
1013 814
2911 858
503 194
1 999999