1 10
100 200
201 210
900 1000
1 1
700 550
22 987
4290 8001
999 998
5 500
9000 750
287 9578
50 81
22 997
5 3
888 888
60000 999999
8532 4552
824 100000
700 987
1 999999
2342 81293
99220 177
1000 3001
6001 1000
123 188888
9385 122234
1928 89280
938 992003
76832 4
7700 7700
19288 923444
12883 99402
0001 8342
993423 6633
1000 99000
24001 23999
9000 9001
12352 09283
1500 2700
1000 3999
1001 2002
1002 2001
999999 1
823 99123
772834 500
1000 800000
3001 600001
4999 300999
4999 600001
60001 60001
999 2001
800001 801002
222 883929
123 83224
7001 998999
7002 99999
422 83704
01023 789384
129344 2883
0123 78832
984738 993
6004 8004
6004 7003
988000 989000
4773 882990
837720 883
1772 66334
2830 88293
1237 638499
77 99283
77304 829933
0983 12333
1111 22222
33333 777777
0384 222333
0912473 82
84730 232000
123847 788
77777 77
0001 888888
55632 8742
888 722432
09283 7783
111234 778392
1001 800001
1999 700001
1999 700999
70293 77812
273849 1223
773829 77
23 718283
74738 22233
1122 364920
1234 772233
6632 77839
6622 999283
711 666233
50 100
8000 700000
633 88923
3322 77384
55555 55
998 999002
7730 82223
773829 111123