1 1
1 10
15 15
20 16
1 18
18 1
40 67
78 79
80 80
84 20
70 50
28 40
90 99
110 120
121 150
151 155
180 190
199 191
100 200
201 210
211 211
215 220
220 240
241 250
270 290
291 250
300 380
381 500
301 310
312 312
315 320
321 340
341 350
370 390
391 353
501 700
800 701
801 999
900 1000
1001 2000
3000 2001
4000 4000
4000 3001
4001 4002
4003 4500
4900 4501
5000 6050
6051 7000
7001 8000
8040 8044
8099 8080
8100 8400
8500 8600
8900 8705
9000 8001
9040 9045
9099 9080
9100 9400
9500 9600
9900 9705
9500 9999
1050 5050
3000 3000
3000 3800
3810 5000
5010 7000
7001 7005
7006 7009
7011 7080
7081 7100
7111 7400
7405 7401
8000 7010
8010 9990
9000 1000
9000 10000
10010 20000
20000 20000
21009 21000
21100 21200
21300 21500
21700 21707
30000 20010
31009 31000
31100 31200
31300 31500
31700 31707
40000 40000
40000 30010
40010 40020
40030 45000
49000 45010
50000 60500
51009 51000
51100 51200
51300 51500
51700 51707
60510 70000
70010 80000
90000 80010
95000 99990