1 10
100 200
201 210
900 1000
10 1
10 10
1 1
1000 1
59 997
1 2
2 1
7 8
8 7
625716 772721
450978 849686
811023 854266
182298 624112
264633 256690
310299 894765
735519 652675
225591 421796
583955 58398
781113 568084
278504 242877
609150 843312
277913 931331
712688 944001
57821 951440
270579 944511
806091 261004
706342 787645
608687 892994
573526 526191
778251 480980
320779 328974
794317 297171
365653 478288
939975 466842
568088 635560
569260 840381
207502 729535
931077 748385
692544 465267
483805 709129
399005 56031
865501 827794
770069 367627
25066 313717
552451 641614
440305 613129
162010 727258
302902 350367
484037 466381
315383 588519
989205 73607
87211 596396
633016 637931
877021 408091
500976 720897
549677 673764
436398 295946
673058 560859
940428 98301
154106 567374
277384 648904
155187 534821
706943 799175
588037 519693
30684 215994
775019 589814
163599 511751
238029 499345
718041 361694
115560 66589
286717 323570
376948 350606
448833 574355
770957 856764
99282 983638
965343 909729
971220 377058
348467 71013
819660 782786
426487 487386
797011 445827
250089 883307
882292 322564
509947 787778
794289 26935
906349 182987
987909 316894
714727 765482
570881 676599
59645 551595
779762 889613
39484 605086
581470 605385
711244 304710
128752 163388
410903 46961
640683 503720
345263 730340
325364 84920
457216 198775
519727 200306
216286 457265
155845 2547
181751 177708
688674 166221
444500 288962
304552 683718
65888 460052
570731 917460
522701 516783
904784 868737
345040 811640
372308 101227
673622 840110
13097 898245
756013 468443
643361 51729
67325 126966
934645 274001
823070 981989
264999 543414
725648 344615
481647 544717
230546 805749
576117 43002
579772 933625
899510 369489
994723 194568
435293 755942
359631 720381
679285 582193
950243 577188
80266 947875
409164 643087
479268 684639
908870 553706
238038 664384
324443 64215
147949 535224
947771 650875
885097 354710
475045 981008
743608 34355
490960 402771
890929 293878
768572 543499
478500 369674
336629 502432
445511 962412
35173 394984
707148 24233
846184 523140
134800 949216
870095 311059
153651 223764
882474 315058
203832 240742
27473 669943
882437 781829
281134 302394
785422 372967
838062 570381
518315 170278
720796 863175
619634 341589
950681 210533
881870 124805
529505 756217
434793 440956
866604 186516
71148 499129
734037 617633
699770 898426
927692 827459
729176 477773
932322 190693
819164 140588
593184 407850
942071 707394
178382 577519
742786 82334
111769 495235
836164 837928
757716 559519
611327 70827
43842 733223
307699 172680
160197 366103
446379 623437
