1 10
100 200
201 210
900 1000
12 45
1 1
2 2
101 3222
43 52
848 1242
3 5
72 90
11 99
211 300
301 400
401 500
501 600
300 500
601 700
11 21
31 51
41 81
701 751
752 800
801 810
811 900
901 950
1000 1005
1023 1032
1000 1000
1902 1910
1911 3291
5 7
1000 2000
2000 3000
3000 4000
4000 5000
5000 10000
6 7000
10001 11000
101 11000
124 142
1011 10111
12000 12300
12400 12600
13000 13400
121 190
210 310
650 670
1010 2010
780 790
200 25132
8923 19382
1482 12321
929 1232
4839 123210
9083 32134
489 523
123 4914
574 1254
32 495
481 4839
324 917
312 584
1 812
31 591
4824 12321
594 743
2875 3874
582 2358
432 4382
58 384
395 583
348 493
384 587 
786 910
666 777
888 999
11 22
39 93
123 321
832 8465
767 797
787 872
713 832
512 582
43 2421
6000 6010
4828 4982
321 983
748 894
382 428
219 495
329 984
378 400
2149 9023
743 957
657 683
970 981
100 100
1 100000
412 12
3214 125
522 74