1 2
3 4
100 1
01 10
100 100
75 75
1000 1000
1000 10000
1231 12098
101 201
99 99
101 102
1 11111
777 777
1111 1111
981 090
09120 98130
231 0900810
090901 013
1231 0901
84876 09813
39 9
8888 9999
23910 09093
131 2938291
29031 95
09090 9999
13710 9889
3717 05443
7836 883
28109 8
173 07
173551 9613
837 9910 
178291 081
48 081
2871 02
76451 9831
666 666
18198 8119
999 999
111 112
19 8
01 9
8164 9816
364 91
9 761
69 719
69 69
96 96
1337 1338
1338 1337
1018 0909
9 9
979 4747
919 381
1 2
3 4
5 6
5381 8164
563 939
85 816
563 831
648 831
6 8
5 9
5 3
8 1
6 1
7 9
6 9
4 3
8 1
6 91
66 11
11 88
76 991
87 14 
85 89
989 513
810 875
190 871
456 67
041 916
017 987
0 0
0 1
1 0
10000 0
710 129
2391 0001
01861 021
2 6
21 9
3 8
69 1337
810 9131
618 1
9999 999
17 43
57 89
1 67
7000 1
