1 10
100 200
201 210
900 1000
1000 1000
1 1000000
200 250
9000 900
1000 900
300 500
1 1
2 1
10 9000
100000 200000
90 91
98 89
100 101
700 700
13 17
150000 500000
90000 100000
87000 89000
780 699
99999 99998
780 980
650 50000
100000 600000
67000 540000
450 140
99 98
990 970
0900 04989
12345 67899
9876 54321
9087 12345
8768 54783
82949 12894
87531 54372
163 93276
0174 1734
18374 17473
85623 57239
17364 34562
18364 87653
84562 53759
17364 46380
64927 23746
9572 12345
45678 23480
84527 83528
890 098
6234 6234
098 98
890 089
1234 98708
19283 37465
9034 56678
2345 65432
67457 78623
3458 97834
1239 9870
09781 1237
34589 09182
5329 87612
78612 89761
123864 12389
76589 81630
90 19384
1 99999
1 99998
1 99997
13 13
90000 90000
789 9999
1320 0123
5739 82940
7503 7487
7777 7777
8888 8888
9878 8789
73620 88888
4235 1234
3485 9878
78689 12345
67439 18472
34556 35555
8723 12345
5469 89237
2348 98120
34587 98213
87234 81274
39487 12876
12384 23487
34857 12398
89347 87326
76253 87264
34578 98237
98237 82735
89345 21349
34879 1029
3405 12387
1234 1
34587 2
23459 10