1 10
100 200
201 210
900 1000
23 100
98 99
99 98
34 300
1 100
43 159
751 751
101 199
200 299
300 399
400 499
500 599
600 699
700 799
800 899
900 999
1000 1999
2000 2999
3000 3999
4000 4999
5000 5999
6000 6999
7000 7999
8000 8999
9000 9999
10000 10999
11000 11999
12000 12999
13000 13999
14000 14999
15000 15999
16000 16999
17000 17999
18000 18999
19000 19999
20000 20999
1 2
2 1 
1 1
2 2
12 10
542 13
7 7
99 99
99 9999
1 2
2 1
1 1
2 2
14 19
10 1111
14 41
999 1000
1000 999
23 25
777 777
77 777
777 789
777 7777
234 567
123 456
123 2
1000 45
45 1000
11 100
97 96
97 79
400 600
800 1200
1300 1900
2000 2999
2000 4999
5000 10000
9090 9191
7 23
23 7
1 100
1 1000
1 10000
50 950
1000 1
10000 1
1 5
5 1
54 56
3456 3467
2098 3908
2941 3404
123 456
135 246
765 980
1230 1240
12000 15000
1028 1028
1028 2056
12345 56789
14000 19003
99 101
101 99
1 897
1 16
1 32
1 64
1 128
3 98
23 902
591 4444
1212 2323
48 1339
139 19999
20013 130000
1996 2017
1941 1945
1938 1955
1955 1959
1959 2017
