44964 85255
70718 50167
20905 34698
64749 70710
73341 61378
99285 70932
62448 32483
64926 44223
52868 11687
42451 5853
40268 77767
36232 24889
45172 85903
30042 19420
51670 81171
33762 35785
55008 95441
92053 97701
28686 23463
20985 2258
34079 93492
50786 61302
27274 82187
9473 33864
62812 95296
40658 18590
74109 3106
73100 32615
64441 5292
42898 214
98413 77955
18908 55090
21569 31729
17373 64594
70335 22206
15791 85075
45859 19401
339 11187
92129 31045
39176 36520
37366 73588
17489 74734
3795 6593
78533 43740
15239 971
46286 94013
71106 3826
65272 86466
76546 57665
81712 29973
88172 83429
81056 60107
58971 50425
72602 49337
84027 48171
15453 66120
72990 85495
58453 55435
69056 18235
99473 74867
75646 51644
71725 12632
35618 92088
56424 32122
83487 28156
52313 18899
65602 92348
76435 36238
28590 79776
20346 69498
4987 52448
49732 21899
14171 25135
92734 26312
61525 35992
74195 14343
84569 20177
38093 29464
46611 92253
91747 77368
31620 28190
51061 75526
87142 98880
54719 23952
61132 56242
3732 77057
19089 24393
14855 85204
21783 87252
78029 31627
96303 4186
85324 37943
28678 88416
33608 62156
21396 65579
44587 60907
51686 51960
18171 5787
44884 10316
96110 53307
52966 27880
35834 43734
93998 15624
42570 83103
50895 25389
31844 53323
98580 89344
70726 41546
92118 16493
33630 2405
94035 13455
37005 99659
24460 39509
75425 96615
18918 75840
58005 77445
15105 44680
94532 9349
25844 25469
79108 21188
