402 402
1 1
5 5
496 441
568 331
416 546
998 984
73 769
781 336
169 449
495 405
98 823
653 670
504 811
865 290
824 858
542 23
204 873
449 729
942 254
686 951
953 367
235 776
441 341
935 164
154 683
899 586
700 721
55 999
168 961
1 999999
840 950
684 589
521 456
360 459
68 233
176 46
575 818
888 530
863 598
917 354
211 599
112 505
539 413
966 454
680 222
276 192
418 980
332 665
140 69
461 851
461 161
725 751
920 851
25 666
267 50
613 329
5 498
447 319
559 426
687 592
559 158
505 51
392 125
856 18
3 584
27 943
701 216
868 630
551 835
29 603
59 231
178 157
85 445
308 624
732 20
984 944
923 938
511 526
161 819
454 45
611 921
361 333
664 563
402 671
968 525
308 743
455 671
289 176
491 102
100 70
296 59
568 461
258 25
84 650
176 546
922 34
504 469
594 672
167 959
797 66
514 274
743 93
194 787
79 137
417 24
773 423
325 229
953 867
831 92
585 418
301 35
351 203
300 522
861 397
767 203
670 607
149 944
637 991
720 328
847 46
208 527
47 493
493 200
599 232
809 169
86 297
284 479
729 611
823 569
790 491
844 817
485 233
144 540
27 835
631 46
198 375
59 604
822 789
231 954
137 549
73 212
775 293
944 169
425 174
92 939
127 375
205 43
285 359
827 272
947 678
374 902
386 852
627 313
926 197
868 291
437 550
148 545
569 620
648 493
81 453
208 563
471 549
37 340
773 437
99 927
205 441
534 208
261 234
111 708
147 957
315 589
81 552
102 483
642 309
59 815
774 85
47 57
430 392
262 703
83 588
443 968
746 403
914 612
194 791
326 696
155 621
728 765
576 54
362 680
3 148
689 359
575 881
245 356
5 45
820 699
620 957
112 239
566 730
127 987
