1 10
100 200
201 210
900 1000
1 1
10 1
1 5000
1 10000
1 6000
4000 10000
4000 5500
7001 25000
2023 4044
4089 6132
6202 8268
8357 10445
10556 12666
12805 14938
15093 17248
17425 19602
19810 22010
22231 24453
24696 26940
27217 29484
29771 32060
32369 34680
35026 37360
37713 40069
40444 42822
43237 45638
46057 48480
48921 51366
51850 54318
54803 57293
57800 60312
60865 63400
63951 66508
67107 69687
70282 72884
73501 76125
76793 79440
80101 82770
83453 86144
86881 89595
90322 93058
93807 96565
97371 100152
100945 103748
104563 107388
108263 111111
111970 114840
115721 118613
119557 122472
123397 126334
127281 130240
131253 134235
135226 138230
139243 142269
143351 146400
147457 150528
151607 154700
155851 158967
160090 163228
164425 167586
168753 171936
173125 176330
177596 180824
182057 185307
186562 189834
191169 194464
195763 199080
200401 203740
205144 208506
209871 213255
214642 218048
219521 222950
224381 227832
229285 232758
234300 237796
239293 242811
244330 247870
249481 253044
254607 258192
259777 263384
265064 268694
270323 273975
275626 279300
281049 284746
286441 290160
291955 295697
297436 301200
302961 306747
308611 312420
314225 318056
319883 323736
325669 329545
331416 335314
337207 341127
343129 347072
349009 352974
354933 358920
360991 365001
367004 371036
373061 377115
379255 383332
385401 389500
391591 395712
397921 402065
404200 408366
410523 414711
416989 421200
423401 427634
429857 434112
436459 440737
443004 447304
449697 454020
456331 460676
463009 467376
469838 474228
476605 481017
483416 487850
490381 494838
497281 501760
504225 508726
511326 515850
518359 522905
525436 530004
532673 537264
539839 544452
547049 551684
554422 559080
561721 566401
569064 573766
576573 581298
584005 588752
591481 596250
599126 603918
606691 611505
614300 619136
622081 626940
629779 634660
637651 642555
645438 650364
653269 658217
661277 666248
669197 674190
677161 682176
685305 690343
693358 698418
701455 706537
709735 714840
717921 723048
726151 731300
734567 739739
742886 748080
751249 756465
759801 765040
768253 773514
776749 782032
785437 790743
794022 799350
802651 808001
811475 816848
820193 825588
828955 834372
837915 843355
846766 852228
855817 861302
864757 870264
873741 879270
882928 888480
892001 897575
901118 906714
910441 916060
919647 925288
928897 934560
938356 944042
947695 953403
957078 962808
966673 972426
976145 981920
985661 991458
995392 1001212
1004997 1010839
1014646 1020510
1024513 1030400
1034251 1040160
1044033 1049964
1054036 1059990
1063907 1069883
1074001 1080000
