1 10
100 200
201 210
900 1000
1 1
1000 1000
200 100
210 45645
2 145
221 423
551 564
9999 9999
999 32
80 32
91 15
14 93
12 456
32 523
223 521
12 454
79 134
20 245
151 3432
23 151
125 329
324 12
55 4095
88 1234
1 123
125 298
229 122
2 49
65 579
26 25
89 320
321 42
351 12
352 123
33 120
515 213
245 324
313 415
214 12
14 161
16 314
35 152
22 252
212 121
51 234
514 23
98 32
80 23
33 124
49 310
3 9
4 10
5 11
99 105
8003 1952
31 805
9999 2392
21 1412
24 155
21 151
22 123
52 121
215 45
323 31
215 21
211 56
34 366
312 12
567 34
32 627
42 151
3 35
6 126
35 351
94 434
54 120
460 341
341 31
215 512
63 236
12 613
23 754
43 362
32 262
57 454
24 960
23 262
21 960
45 362
46 262
306 31
94 131
351 163
343 13
647 21
94 105
86 391
13 915