1 999999
1 10
20000 29999
32523 3284
634 9009
1 1
800000 800000
999999 1
10 1
123894 89523
34 68
500 500
3 5
44444 44000
20000 30000
5235 6000
100000 700000
3232 646464
1 111111
250000 750000
235643 654674
3578 9283
7853 23894
5434 324432
834 92
80912 2389
1234 5678
9876 54321
348 8934
4567 2
240 0354
9835 09
1 2
8935 923
75 70
121896 92896
80085 999999
83487 989898
666666 777777
67 789
2783 8923
12 9034
23984 90398
222222 333333
333333 444444
444444 555555
555555 666666
666666 777777
777777 888888
888888 999999
1 9999
3285 889538
444334 333443
121212 212121
1996 1776
1776 1789
112000 113000
511 1607
4567 85234
980134 6825
56723 978798
56339 23587
2379 7852
237878 89524
67825 132
132 67825
23598 52478
138925 777777
10000 19999
20000 29999
30000 39999
40000 49999
50000 59999
60000 69999
70000 79999
80000 89999
90000 99999
100 200
201 210
64321 67899
500000 999999
1 499999
100000 999999
200000 999999
300000 999999
400000 999999
500000 999999
600000 999999
700000 999999
800000 999999
900000 999999
999999 900000
999999 800000
999999 700000
999999 600000
999999 500000
999999 400000
999999 300000
999999 200000
999999 100000